01 00 7C FF FD B4 B7 FA FF FF D5 8E 96 AC BB CB D9 E6 F3 B3 7C 42 24 D1 FF D6 2A 00
01 00 7D FF FF 79 20 78 95 92 46 08 0B 13 1B 26 33 42 55 35 08 03 17 BC FF E6 3D 00
00 02 8E FF FA 6A 00 01 08 06 00 00 00 00 00 00 00 00 00 00 00 00 07 A3 FF F4 56 00
00 04 96 FF F6 5D 01 01 00 00 01 01 01 01 01 01 02 02 02 01 00 03 0D 8A FD FC 70 00
00 06 9C FF F5 5B 00 01 01 01 00 00 00 00 00 00 00 00 00 00 06 64 AB C0 FF FF 92 03
00 0D AD FF ED 4B 00 02 00 00 00 00 00 00 00 00 00 00 01 00 21 CF FF EE B4 A0 5D 06
00 0E B0 FF EA 44 00 02 00 00 00 00 00 00 00 00 00 00 01 00 10 93 E3 8B 16 05 03 00
00 14 BA FF E6 3F 00 02 00 00 00 00 00 00 00 00 00 00 00 00 00 15 36 12 00 00 00 00
00 1C C7 FF DB 30 00 02 00 00 00 00 00 00 00 00 00 00 00 00 00 00 00 00 01 01 00 00
00 1C C7 FF DA 2F 00 02 00 00 00 00 00 00 00 00 00 00 00 00 00 01 02 01 00 00 00 00
00 27 D3 FF D0 26 00 01 00 00 00 00 00 00 00 00 00 00 00 00 00 00 00 00 00 00 00 00
00 2E DB FF C6 1C 00 01 00 00 00 00 00 00 00 00 00 00 00 00 00 00 00 00 00 00 00 00
00 31 DD FF C5 1C 00 01 00 00 00 00 00 00 00 00 00 00 00 00 00 00 00 00 00 00 00 00
00 40 E8 FF B7 13 00 01 00 00 00 00 00 00 00 00 00 00 00 00 00 00 00 00 00 00 00 00
00 43 EB FF AF 0E 00 01 00 00 00 00 00 00 00 00 00 00 00 00 00 00 00 00 00 00 00 00
00 4C EF FF AB 0C 00 01 00 00 00 00 00 00 00 00 00 00 00 00 00 00 00 00 00 00 00 00
00 5A F7 FF 99 05 00 01 00 00 00 00 00 00 00 00 00 00 00 00 00 00 00 00 00 00 00 00
00 5C F7 FF 96 04 00 01 00 00 00 00 00 00 00 00 00 00 00 00 00 00 00 00 00 00 00 00
00 6C FC FF 8B 03 01 01 00 00 00 00 00 00 00 00 00 00 00 00 00 00 00 00 00 00 00 00
00 75 FF FF 7B 00 00 00 00 00 00 00 00 00 00 00 00 00 00 00 00 00 00 00 00 00 00 00
00 7A FE FD 80 1E 11 00 00 00 00 00 00 00 00 00 00 00 00 00 00 00 00 00 00 00 00 00
02 8A FF FD C9 C9 94 15 00 01 00 00 00 00 00 00 00 00 00 00 00 00 00 00 00 00 00 00
02 3D 76 8A D8 FF E6 35 00 02 00 00 00 00 00 00 00 00 00 00 00 00 00 00 00 00 00 00
00 00 00 01 5B C4 8A 12 00 01 00 00 00 00 00 00 00 00 00 00 00 00 00 00 00 00 00 00
00 01 01 00 04 1A 0C 00 00 00 00 00 00 00 00 00 00 00 00 00 00 00 00 00 00 00 00 00
00 00 00 01 00 00 00 00 00 00 00 00 00 00 00 00 00 00 00 00 00 00 00 00 00 00 00 00
00 00 00 00 00 01 01 00 00 00 00 00 00 00 00 00 00 00 00 00 00 00 00 00 00 00 00 00
00 00 00 00 00 00 00 00 00 00 00 00 00 00 00 00 00 00 00 00 00 00 00 00 00 00 00 00
